20 0 0.17 30
0 0 0.083 3
0 0 0.248 78
20 0 0.762 244
20 0 0.341 75
0 0 0.14 12
0 0 0.156 29
20 0 0.173 32
0 0 0.105 18
0 0 0.412 63
20 0 0.252 41
0 0 0.339 113
0 0 0.182 52
0 0 0.202 25
20 0 0.363 115
0 0 0.257 31
0 0 0.368 100
20 0 0.187 37
0 0 0.13 9
20 0 0.349 68
20 0 0.215 8
0 0 1.161 398
20 0 0.307 77
0 0 0.575 178
0 0 0.536 190
20 0 0.207 63
20 0 0.236 33
0 0 0.173 30
0 0 1.271 511
20 0 0.287 75
20 0 1.139 339
20 0 0.596 83
0 0 0.355 113
0 0 0.145 9
20 0 0.628 194
0 0 0.193 35
0 0 0.189 19
20 0 0.212 32
20 0 0.466 120
20 0 0.337 95
0 0 0.21 79
0 0 0.506 167
0 0 0.479 137
20 0 0.369 136
0 0 0.097 7
20 0 0.192 66
0 0 0.581 218
20 0 0.576 179
0 0 0.094 7
0 0 0.249 57
20 0 0.52 153
20 0 0.421 146
20 0 0.645 190
20 0 0.206 51
0 0 0.329 118
0 0 0.317 95
20 0 0.622 173
20 0 1.14 394
0 0 1.095 333
0 0 0.642 248
0 0 0.107 6
0 0 0.126 22
20 0 0.323 28
0 0 0.621 147
20 0 1.423 549
0 0 0.74 208
20 0 0.187 37
20 0 0.116 2
20 0 0.452 142
0 0 0.489 105
0 0 0.172 51
20 0 0.659 197
20 0 0.477 198
20 0 0.206 40
0 0 0.363 10
0 0 0.475 180
20 0 0.18 28
0 0 1.009 361
0 0 0.417 139
20 0 0.315 23
0 0 0.173 10
20 0 0.165 21
0 0 0.946 360
0 0 0.564 179
20 0 0.64 193
20 0 0.115 5
20 0 0.254 59
20 0 0.114 31
0 0 0.415 111
20 0 0.613 201
20 0 1.352 502
20 0 0.942 311
20 0 0.307 74
0 0 0.296 81
20 0 0.14 7
0 0 0.167 43
20 0 0.34 93
20 0 0.335 110
20 0 0.731 259
20 0 0.153 7
20 0 0.16 24
0 0 0.794 247
20 0 0.325 7
0 0 0.325 110
20 0 0.078 6
0 0 0.327 131
0 0 0.721 225
20 0 0.49 120
0 0 0.506 135
0 0 0.81 293
20 0 0.308 80
0 0 0.32 17
0 0 0.188 5
20 0 0.576 169
0 0 0.1 21
20 0 0.262 53
20 0 0.467 154
0 0 0.201 23
0 0 0.111 5
20 0 0.504 141
0 0 0.117 31
20 0 0.182 37
0 0 0.1 2
0 0 0.19 21
0 0 0.688 245
20 0 0.116 8
20 0 0.146 9
0 0 0.184 32
0 0 0.462 150
20 0 0.418 145
0 0 0.883 319
0 0 0.24 29
0 0 0.309 62
20 0 0.406 78
0 0 0.661 238
0 0 1.662 634
20 0 0.303 93
20 0 0.332 91
20 0 0.128 12
20 0 0.199 22
20 0 0.417 115
0 0 0.439 137
20 0 0.236 73
0 0 0.408 74
20 0 0.449 165
20 0 0.169 32
20 0 0.12 10
20 0 1.003 370
0 0 0.655 231
0 0 0.456 175
20 0 0.209 30
20 0 0.353 115
0 0 0.395 142
20 0 0.138 11
0 0 0.567 138
20 0 0.491 133
20 0 0.3 91
20 0 0.148 27
0 0 0.287 93
0 0 0.302 30
0 0 0.5 111
20 0 0.237 46
0 0 0.241 47
0 0 0.301 121
20 0 0.087 5
20 0 0.404 111
20 0 0.174 13
20 0 0.363 84
0 0 0.623 191
0 0 0.101 14
20 0 0.178 45
0 0 0.314 111
20 0 2.356 945
0 0 0.316 90
20 0 0.311 58
20 0 0.173 18
0 0 0.184 18
0 0 0.566 208
0 0 0.14 24
0 0 0.095 7
0 0 0.343 50
0 0 0.24 79
0 0 0.114 7
0 0 0.872 270
20 0 0.93 327
20 0 0.129 3
20 0 0.333 81
20 0 0.723 269
0 0 0.806 292
0 0 0.062 9
0 0 0.148 38
0 0 0.298 85
0 0 0.103 17
20 0 0.266 63
0 0 0.352 92
0 0 0.15 32
0 0 0.445 136
0 0 0.26 17
0 0 0.496 135
20 0 0.115 13
20 0 0.566 185
0 0 0.188 50
20 0 0.192 45
0 0 0.151 22
20 0 0.37 139
0 0 0.828 304
0 0 0.072 4
0 0 1.21 478
0 0 0.406 149
0 0 0.468 80
20 0 0.273 76
0 0 0.095 6
20 0 0.89 258
0 0 0.59 173
20 0 0.545 133
20 0 0.562 161
20 0 0.446 138
20 0 0.166 34
0 0 0.828 329
0 0 0.731 260
20 0 0.183 17
20 0 0.363 120
0 0 0.21 27
20 0 0.166 1
0 0 0.165 31
0 0 0.159 41
20 0 0.51 150
20 0 0.374 121
0 0 0.082 12
0 0 0.342 101
20 0 0.301 63
0 0 0.281 58
20 0 0.133 27
0 0 0.495 112
20 0 0.72 201
0 0 0.177 32
0 0 1.174 405
0 0 0.309 67
20 0 0.203 56
0 0 0.272 82
0 0 0.115 5
20 0 0.391 66
0 0 0.235 66
20 0 0.675 255
0 0 0.194 33
20 0 0.212 43
20 0 0.09 1
0 0 0.209 14
20 0 0.142 23
20 0 0.331 96
20 0 0.185 22
20 0 1.441 523
20 0 0.359 124
0 0 0.255 88
0 0 0.271 80
20 0 0.385 64
0 0 0.265 88
0 0 0.061 5
20 0 0.194 25
0 0 0.149 31
0 0 0.073 1
20 0 0.151 10
0 0 1.961 788
20 0 0.481 112
20 0 0.447 166
0 0 0.227 59
0 0 0.237 65
0 0 0.469 165
0 0 0.378 138
20 0 0.684 209
20 0 0.588 218
20 0 0.301 35
0 0 0.186 37
20 0 0.09 12
0 0 1.051 369
20 0 0.275 46
20 0 0.312 103
0 0 0.143 1
0 0 0.774 221
0 0 0.901 278
20 0 0.173 45
20 0 0.689 268
20 0 0.791 249
0 0 0.715 192
0 0 0.37 95
20 0 0.112 11
20 0 0.422 126
20 0 0.53 161
0 0 0.667 213
0 0 0.065 2
20 0 0.144 25
20 0 0.337 93
0 0 0.155 41
0 0 0.945 332
0 0 0.173 28
0 0 0.174 29
0 0 0.155 2
20 0 0.654 238
20 0 0.187 11
20 0 0.626 195
0 0 0.381 113
20 0 0.077 3
0 0 0.936 295
20 0 0.164 35
20 0 0.198 65
0 0 0.195 65
20 0 0.36 86
20 0 0.498 147
20 0 0.159 26
0 0 0.3 76
0 0 0.129 18
20 0 0.186 26
20 0 0.353 101
0 0 0.494 129
0 0 0.684 244
0 0 0.21 57
0 0 0.7 241
0 0 0.141 26
20 0 0.144 29
0 0 0.431 141
0 0 0.407 143
0 0 0.087 13
0 0 0.243 42
0 0 0.236 55
0 0 0.186 11
0 0 0.101 11
0 0 0.767 292
20 0 0.386 90
0 0 0.519 155
20 0 0.865 312
20 0 0.219 69
0 0 0.176 38
0 0 0.77 183
20 0 0.359 51
0 0 0.448 163
20 0 0.123 19
20 0 0.72 258
20 0 0.511 127
20 0 0.259 66
20 0 0.175 41
0 0 0.168 16
20 0 0.46 123
20 0 0.308 45
20 0 0.296 87
0 0 0.362 118
20 0 0.176 35
0 0 0.239 54
0 0 0.261 9
0 0 0.512 132
20 0 0.206 45
0 0 0.545 166
20 0 0.358 97
0 0 0.814 335
0 0 1.578 582
0 0 0.382 139
20 0 0.758 239
0 0 0.152 4
20 0 0.319 72
0 0 0.279 53
20 0 0.433 72
20 0 0.088 10
20 0 0.081 7
20 0 0.409 121
20 0 0.261 70
20 0 0.649 205
0 0 0.221 34
20 0 1.001 393
20 0 0.125 29
0 0 0.557 181
0 0 0.463 182
0 0 0.215 49
0 0 0.282 42
0 0 0.627 236
20 0 0.142 11
0 0 0.65 158
20 0 0.159 44
0 0 0.193 37
0 0 1.002 313
20 0 0.166 46
20 0 0.446 128
20 0 0.29 67
20 0 0.591 210
20 0 1.162 432
20 0 0.332 118
20 0 0.521 149
0 0 0.609 225
20 0 0.466 104
20 0 0.216 72
0 0 0.436 133
0 0 0.272 90
20 0 0.509 115
0 0 0.31 85
0 0 0.047 1
0 0 0.645 216
20 0 0.722 271
20 0 0.416 132
0 0 0.068 3
0 0 0.269 59
20 0 0.381 143
20 0 0.513 149
20 0 0.537 185
0 0 0.309 108
0 0 0.24 39
0 0 0.229 11
0 0 1.534 610
20 0 0.546 115
0 0 0.191 43
0 0 0.4 77
20 0 0.161 14
20 0 0.73 248
0 0 0.106 6
20 0 0.816 280
0 0 0.524 137
20 0 0.445 127
20 0 0.214 47
0 0 0.55 174
0 0 0.42 141
20 0 0.082 12
20 0 0.264 39
20 0 0.144 27
20 0 0.378 96
0 0 0.395 54
0 0 0.106 25
20 0 0.19 40
0 0 0.147 38
20 0 0.322 94
20 0 0.369 50
20 0 0.36 113
0 0 0.565 169
0 0 0.337 67
20 0 0.125 40
0 0 0.249 61
0 0 0.259 55
20 0 0.152 35
20 0 0.186 36
0 0 0.189 66
20 0 0.333 100
0 0 0.19 9
20 0 0.141 16
0 0 0.299 94
0 0 1.539 593
0 0 0.108 31
20 0 0.575 134
20 0 0.547 148
0 0 0.692 149
0 0 0.212 25
0 0 0.638 187
20 0 0.239 71
20 0 0.146 3
20 0 0.216 58
20 0 0.789 287
0 0 1.051 346
20 0 0.825 262
20 0 0.23 14
0 0 0.131 14
20 0 0.573 122
0 0 0.373 142
0 0 0.392 60
20 0 0.208 34
20 0 0.765 276
20 0 0.164 11
20 0 0.101 2
0 0 0.141 17
0 0 0.256 90
0 0 0.681 221
0 0 0.48 174
0 0 0.1 5
0 0 0.415 138
0 0 0.975 351
20 0 0.951 337
0 0 0.898 290
20 0 0.464 31
20 0 0.721 263
0 0 0.392 134
20 0 1.03 361
20 0 0.474 171
20 0 0.14 11
20 0 0.42 84
0 0 0.139 46
20 0 0.308 75
0 0 0.142 33
0 0 0.447 119
20 0 0.106 21
20 0 1.196 362
20 0 0.135 31
0 0 0.402 110
0 0 0.316 63
20 0 0.625 203
0 0 0.452 150
0 0 0.286 65
20 0 0.075 18
0 0 0.185 47
0 0 0.847 290
0 0 0.11 6
0 0 1.026 378
20 0 0.426 163
0 0 0.213 21
20 0 0.893 290
0 0 0.156 31
0 0 0.35 108
0 0 0.275 74
0 0 0.409 138
0 0 0.158 13
20 0 0.559 214
20 0 0.306 51
0 0 0.506 174
0 0 0.074 4
20 0 0.246 57
20 0 0.364 103
0 0 0.835 293
20 0 0.272 71
0 0 1.189 423
20 0 0.442 112
0 0 0.214 7
20 0 0.521 215
0 0 0.136 23
0 0 0.159 35
0 0 0.787 261
0 0 1.182 456
20 0 0.179 22
0 0 0.976 340
0 0 0.125 26
0 0 0.466 126
0 0 0.385 86
0 0 0.681 208
20 0 0.105 19
20 0 0.183 55
0 0 0.184 35
20 0 0.806 246
20 0 0.467 102
0 0 0.401 85
20 0 0.327 92
20 0 0.488 120
0 0 0.281 44
20 0 0.14 39
0 0 0.673 224
20 0 0.123 26
0 0 0.149 20
0 0 0.273 31
20 0 0.817 310
20 0 0.254 70
20 0 0.09 10
20 0 0.492 143
20 0 0.071 4
20 0 0.602 160
20 0 0.324 56
20 0 0.102 4
20 0 0.174 31
0 0 0.412 114
0 0 0.225 47
20 0 0.209 15
20 0 0.271 32
20 0 0.132 8
0 0 0.214 64
0 0 0.415 109
0 0 0.051 2
20 0 0.232 25
20 0 0.071 4
0 0 0.278 53
0 0 0.331 90
0 0 0.678 246
20 0 0.736 146
0 0 0.602 247
0 0 0.934 293
20 0 1.319 456
20 0 0.334 83
0 0 0.711 198
20 0 0.812 284
20 0 0.367 93
0 0 0.232 17
20 0 0.205 50
20 0 0.172 45
20 0 0.972 309
20 0 0.427 78
20 0 0.327 101
20 0 0.956 352
0 0 1.577 562
20 0 0.332 45
20 0 1.137 423
20 0 0.173 16
0 0 0.529 162
20 0 0.788 254
0 0 1.42 510
0 0 0.1 25
0 0 0.285 36
0 0 0.121 21
0 0 1.101 361
20 0 0.295 86
20 0 0.157 45
0 0 0.548 146
0 0 0.138 29
0 0 0.461 91
0 0 0.127 24
0 0 0.565 177
20 0 0.181 13
20 0 0.374 125
20 0 0.289 70
0 0 0.336 80
20 0 0.14 2
20 0 1.263 452
20 0 0.205 31
20 0 0.152 44
0 0 0.366 24
20 0 0.23 49
0 0 0.811 301
20 0 0.135 9
20 0 1.074 419
0 0 0.444 128
0 0 0.261 32
20 0 0.624 231
0 0 0.396 85
0 0 0.391 114
20 0 0.174 23
0 1 0.18 45
0 0 0.174 40
20 0 0.133 20
20 0 0.144 8
20 0 0.218 26
0 0 0.749 255
20 0 0.882 280
0 0 0.399 50
0 0 0.129 21
0 0 0.239 42
0 0 0.139 39
20 0 0.777 268
20 0 1.325 523
20 0 0.224 29
20 0 0.632 208
0 0 0.316 127
20 0 0.661 207
0 0 0.184 5
0 0 0.202 40
0 1 0.519 161
20 0 0.351 105
0 0 0.898 332
0 0 0.175 3
0 0 0.13 24
0 0 0.247 56
0 0 0.689 189
20 0 1.153 393
0 0 0.358 66
0 0 0.415 139
20 0 0.196 25
20 0 1.162 425
0 0 0.314 44
0 0 0.732 292
20 0 1.228 435
20 0 0.301 85
0 0 0.246 27
0 0 0.412 159
20 0 0.307 84
20 0 1.285 452
20 0 0.418 145
20 0 0.137 11
0 0 0.523 146
20 0 0.41 111
20 0 0.25 25
0 0 0.106 27
20 0 0.851 252
0 0 1.338 447
20 0 0.272 87
20 0 0.491 111
0 0 0.288 94
20 0 0.194 35
20 0 0.74 216
0 0 1.072 349
20 0 0.288 55
20 0 0.35 79
20 0 0.093 17
0 0 0.357 87
20 0 0.372 132
0 0 0.296 100
0 0 0.734 214
20 0 0.122 13
0 0 0.246 93
20 0 0.458 155
0 0 0.503 133
0 0 0.509 175
20 0 0.12 5
0 0 0.551 198
20 0 0.175 64
20 0 0.649 180
20 0 0.075 8
0 0 0.482 151
0 0 0.43 146
0 0 0.115 35
20 0 0.14 2
0 0 0.191 7
20 0 0.365 86
20 0 0.336 57
20 0 0.192 8
20 0 0.526 120
0 0 0.465 109
20 0 0.093 10
0 0 0.786 258
0 0 0.404 131
20 0 0.301 101
20 0 0.943 335
0 0 0.311 62
20 0 0.074 13
20 0 0.174 22
20 0 1.131 323
0 0 0.982 334
0 0 0.176 7
0 0 0.105 13
0 0 0.287 115
0 0 0.247 13
20 0 1.24 480
20 0 0.328 99
20 0 0.845 330
20 0 0.242 75
20 0 0.184 6
0 0 0.245 67
0 0 0.207 34
0 0 0.77 301
20 0 0.105 18
20 0 0.124 29
20 0 1.616 573
20 0 0.158 43
0 0 0.311 105
0 0 0.647 191
0 0 0.12 19
0 0 0.348 122
0 0 0.257 40
0 0 0.754 236
0 0 0.401 129
0 0 0.23 40
20 0 0.356 91
20 0 0.209 68
20 0 0.071 2
20 0 0.559 185
0 0 0.166 24
0 0 0.195 9
0 0 0.398 86
20 0 0.277 58
20 0 0.363 46
20 0 0.477 121
0 0 0.49 93
20 0 0.201 15
0 0 0.566 188
20 0 0.147 40
20 0 0.609 209
20 0 0.32 76
20 0 0.4 104
20 0 0.094 10
20 0 0.323 102
0 0 0.059 6
0 0 0.396 104
20 0 0.373 77
0 0 0.222 33
0 0 0.221 61
20 0 0.49 147
0 0 0.766 278
0 0 1.007 378
20 0 0.336 131
0 0 0.165 15
0 0 0.234 16
0 0 0.322 90
20 0 0.242 33
20 0 0.104 3
20 0 0.73 190
0 0 0.246 76
0 0 0.224 24
0 0 0.136 13
0 0 0.207 32
20 0 0.161 37
20 0 0.39 136
20 0 0.151 41
20 0 0.151 19
20 0 0.911 259
0 0 0.23 58
20 0 0.529 118
0 0 0.208 16
0 0 0.304 75
0 0 0.289 44
0 0 0.295 88
20 0 0.125 5
0 0 0.548 191
0 0 0.091 17
20 0 0.174 45
0 0 0.859 343
20 0 0.387 70
20 0 1.805 704
20 0 0.469 152
20 0 0.254 78
0 0 0.213 61
20 0 0.458 151
0 0 0.193 38
20 0 0.246 7
0 0 0.302 88
0 0 0.288 94
20 0 0.392 130
20 0 0.237 25
20 0 0.667 188
20 0 0.361 96
0 0 0.381 121
20 0 0.304 43
20 0 0.106 8
20 0 0.204 27
0 0 0.48 156
0 0 0.464 75
0 0 0.2 43
0 0 0.452 122
20 0 0.187 24
20 0 0.214 33
0 0 0.504 163
0 0 0.317 88
0 0 0.37 108
20 0 0.559 166
20 0 0.177 17
0 0 0.235 17
20 0 0.369 140
0 0 0.448 88
0 0 0.359 80
0 0 0.144 40
0 1 1.486 561
0 0 0.322 66
20 0 0.35 94
0 0 0.47 107
0 0 0.135 16
20 0 0.449 121
20 0 0.772 267
0 0 0.111 2
0 0 0.652 208
0 0 0.227 30
20 0 0.277 62
20 0 0.515 154
0 0 0.095 18
20 0 0.645 167
20 0 0.686 233
0 0 0.068 3
0 0 0.276 65
0 0 0.151 39
20 0 0.364 76
20 0 0.101 1
20 0 0.269 4
20 0 0.338 84
20 0 1.355 531
0 0 0.73 184
20 0 0.222 62
20 0 0.217 38
0 0 0.161 36
0 0 0.385 70
0 0 0.378 80
0 0 0.234 30
20 0 0.662 231
20 0 0.27 64
0 0 0.165 25
20 0 0.497 153
0 0 0.649 185
20 0 0.1 9
20 0 0.187 36
20 0 0.232 17
0 0 0.306 99
20 0 0.167 33
20 0 0.085 15
20 0 0.241 18
0 0 0.283 69
0 0 0.371 105
20 0 0.338 81
0 0 0.148 22
20 0 0.113 7
0 0 0.28 109
0 0 0.136 23
0 0 0.138 14
0 0 0.451 165
0 0 0.371 64
20 0 0.149 29
0 0 0.235 46
20 0 0.124 1
0 0 0.31 84
0 0 0.862 291
20 0 0.092 9
0 0 0.259 72
20 0 0.179 11
20 0 0.836 234
0 0 0.16 42
0 0 0.217 25
0 0 0.793 312
0 0 0.293 72
0 0 0.808 269
0 0 0.901 298
0 0 0.745 253
20 0 1.902 731
0 0 0.244 61
0 0 0.797 247
0 0 0.502 127
0 0 0.471 183
0 0 1.082 351
20 0 0.561 209
0 0 0.539 159
20 0 0.27 78
0 0 0.311 117
0 0 0.419 107
20 0 0.333 89
0 0 0.217 26
20 0 0.067 1
20 0 0.241 78
0 0 0.161 3
20 0 0.418 103
20 0 0.687 227
0 0 0.107 16
0 0 0.445 143
20 0 0.232 49
0 0 0.409 77
20 0 0.359 68
0 0 0.071 8
0 0 0.382 33
0 0 0.47 138
20 0 0.275 64
0 0 0.204 23
20 0 0.386 144
0 0 0.442 110
0 0 0.489 183
20 0 0.187 21
0 0 0.093 22
0 0 0.552 155
0 0 0.404 118
20 0 0.339 73
0 0 0.218 30
20 0 0.303 102
0 0 0.188 26
20 0 0.228 28
0 0 0.196 36
0 0 0.209 38
0 0 0.376 127
0 0 0.495 87
20 0 0.4 126
20 0 0.495 141
0 0 0.532 117
0 0 0.085 8
0 0 0.443 131
0 0 0.248 3
0 0 0.67 241
0 0 0.336 67
20 0 0.382 135
20 0 0.198 47
0 0 0.262 41
20 0 0.33 109
20 0 0.204 67
20 0 0.141 46
20 0 0.485 168
0 0 0.484 144
20 0 0.277 62
0 1 0.188 65
0 1 0.211 63
20 0 0.091 8
20 0 0.346 109
0 0 0.976 393
0 0 0.457 106
20 0 0.187 18
20 0 0.45 113
0 0 0.283 49
20 0 0.157 14
20 0 0.313 107
0 0 0.194 27
20 0 0.285 97
0 0 0.531 180
0 0 0.296 26
0 0 0.314 81
20 0 0.516 166
0 0 0.292 82
0 0 0.703 237
20 0 0.463 165
0 0 0.232 74
20 0 0.282 79
0 0 0.235 55
20 0 0.067 1
0 0 0.369 76
20 0 0.238 75
0 0 0.328 77
20 0 0.562 205
20 0 0.561 178
0 0 0.207 39
0 0 0.172 2
20 0 0.239 35
0 0 0.292 69
20 0 0.823 322
0 0 0.317 30
20 0 0.263 59
20 0 0.116 18
0 0 0.664 201
20 0 0.085 6
20 0 0.473 82
0 0 0.456 104
0 0 0.195 47
0 0 0.325 85
0 0 0.333 87
0 0 0.113 29
0 0 0.218 73
0 0 0.1 15
20 0 0.53 95
0 0 0.187 13
0 0 0.443 154
0 0 1.076 384
0 0 0.101 12
0 0 0.607 178
20 0 0.227 59
0 0 0.334 106
0 0 0.652 214
