20 0 25.532 5497
20 0 4.517 1063
20 0 26.415 5799
5 54e6 21.883 4767
20 0 10.881 2177
0 0 14.625 3166
20 0 14.515 3065
20 0 31.007 6916
0 0 9.015 1909
20 0 63.207 14150
20 604 133.807 28975
20 0 6.867 1505
0 1 22.56 4731
b 78d1 5.512 1223
38 4000 10.828 2356
20 0 24.99 5380
20 0 24.192 5360
20 0 44.902 10117
20 0 4.825 1090
0 0 6.975 1427
20 0 76.565 16451
0 0 5.37 1164
0 0 0.945 168
1c dc56 5.007 990
0 0 44.358 9615
20 0 14.055 3014
2f 6b4c 87.015 19128
20 0 7.357 1604
20 0 8.933 2022
20 0 33.994 7310
0 0 1.97 429
0 0 2.177 508
0 0 7.158 1532
20 80 14.065 3124
20 0 66.571 14839
0 0 19.876 4351
14 13be 21.15 4675
0 0 45.792 10062
20 1 22.556 4924
0 0 96.811 21204
0 0 29.438 6348
20 0 11.451 2503
20 0 2.193 516
20 0 15.94 3244
20 0 19.935 4462
20 0 21.426 4708
2f e619 26.636 5857
0 0 18.761 3904
0 0 14.226 3118
0 0 54.178 12023
20 0 4.869 1016
0 0 39.531 8999
20 0 9.125 2002
0 0 36.56 8415
20 0 40.349 9017
0 0 7.097 1629
20 0 9.335 2106
0 1 14.598 3114
20 1 8.32 1902
20 1 17.678 3949
0 0 7.381 1640
0 0 52.375 11920
23 e338 15.89 3518
20 0 16.301 3705
20 1 11.849 2704
11 2bf3 2.412 472
0 1 5.562 1299
0 1 18.371 3874
0 0 10.41 2234
0 0 1.246 317
0 0 11.87 2550
20 0 12.25 2690
0 0 23.429 5296
20 3 31.601 6885
24 4b12 24.108 5105
0 0 0.409 73
20 1 5.087 1036
20 0 98.07 21899
20 0 2.072 501
20 0 0.357 59
23 d03d 0.552 127
20 0 28.905 6217
0 0 9.068 1863
0 0 19.749 4282
20 0 11.812 2535
0 0 12.632 2780
0 0 2.323 511
20 0 15.045 3340
0 0 1.263 264
20 0 1.989 368
20 2 1.966 482
0 0 2.36 504
20 0 10.526 2259
20 0 17.641 4017
0 0 35.87 7879
20 0 4.335 917
20 0 6.012 1294
0 0 20.573 4367
20 0 2.19 414
0 0 7.538 1659
